1.000000 0.100320
1.100320 0.100320
1.200640 0.108320
1.200640 0.112480
1.308960 0.100320
1.313120 0.100320
1.409280 0.108320
1.409280 0.112480
1.413440 0.112480
1.413440 0.116640
1.517600 0.100320
1.521760 0.100320
1.525920 0.100320
1.530080 0.100320
1.617920 0.108320
1.617920 0.112480
1.622080 0.112480
1.622080 0.116640
1.626240 0.116640
1.626240 0.120800
1.630400 0.120800
1.630400 0.124960
1.726240 0.100320
1.730400 0.100320
1.734560 0.100320
1.738720 0.100320
1.742880 0.100320
1.747040 0.100320
1.751200 0.100320
1.755360 0.100320
1.826560 0.108320
1.826560 0.112480
1.830720 0.112480
1.830720 0.116640
1.834880 0.116640
1.834880 0.120800
1.839040 0.120800
1.839040 0.124960
1.843200 0.124960
1.843200 0.129120
1.847360 0.129120
1.847360 0.133280
1.851520 0.133280
1.851520 0.137440
1.855680 0.137440
1.855680 0.141600
1.934880 0.100320
1.939040 0.100320
1.943200 0.100320
1.947360 0.100320
1.951520 0.100320
1.955680 0.100320
1.959840 0.100320
1.964000 0.100320
1.968160 0.100320
1.972320 0.100320
1.976480 0.100320
1.980640 0.100320
1.984800 0.100320
1.988960 0.100320
1.993120 0.100320
1.997280 0.100320
2.035200 0.108320
2.035200 0.112480
2.039360 0.112480
2.039360 0.116640
2.043520 0.116640
2.043520 0.120800
2.047680 0.120800
2.047680 0.124960
2.051840 0.124960
2.056000 0.124960
2.060160 0.124960
2.064320 0.124960
2.068480 0.124960
2.072640 0.124960
2.076800 0.124960
2.080960 0.124960
2.085120 0.124960
2.089280 0.124960
2.093440 0.124960
2.097600 0.124960
2.143520 0.100320
2.147680 0.100320
2.151840 0.100320
2.156000 0.100320
2.160160 0.100320
2.164320 0.100320
2.168480 0.100320
2.172640 0.100320
2.176800 0.100320
2.180960 0.100320
2.185120 0.100320
2.189280 0.100320
2.193440 0.100320
2.197600 0.100320
2.201760 0.100320
2.205920 0.100320
2.210080 0.100320
2.214240 0.100320
2.218400 0.100320
2.222560 0.100320
2.243840 0.108320
2.248000 0.108320
2.252160 0.108320
2.256320 0.108320
2.260480 0.108320
2.264640 0.108320
2.268800 0.108320
2.272960 0.108320
2.277120 0.108320
2.281280 0.108320
2.285440 0.108320
2.289600 0.108320
2.293760 0.108320
2.297920 0.108320
2.302080 0.108320
2.306240 0.108320
2.310400 0.108320
2.314560 0.108320
2.318720 0.108320
2.322880 0.108320
2.352160 0.100320
2.356320 0.100320
2.360480 0.100320
2.364640 0.100320
2.368800 0.100320
2.372960 0.100320
2.377120 0.100320
2.381280 0.100320
2.385440 0.100320
2.389600 0.100320
2.393760 0.100320
2.397920 0.100320
2.402080 0.100320
2.406240 0.100320
2.410400 0.100320
2.414560 0.100320
2.418720 0.100320
2.422880 0.100320
2.427040 0.100320
2.431200 0.100320
2.452480 0.108320
2.456640 0.108320
2.460800 0.108320
2.464960 0.108320
2.469120 0.108320
2.473280 0.108320
2.477440 0.108320
2.481600 0.108320
2.485760 0.108320
2.489920 0.108320
2.494080 0.108320
2.498240 0.108320
2.502400 0.108320
2.506560 0.108320
2.510720 0.108320
2.514880 0.108320
2.519040 0.108320
2.523200 0.108320
2.527360 0.108320
2.531520 0.108320
2.560800 0.100320
2.564960 0.100320
2.569120 0.100320
2.573280 0.100320
2.577440 0.100320
2.581600 0.100320
2.585760 0.100320
2.589920 0.100320
2.594080 0.100320
2.598240 0.100320
2.602400 0.100320
2.606560 0.100320
2.610720 0.100320
2.614880 0.100320
2.619040 0.100320
2.623200 0.100320
2.627360 0.100320
2.631520 0.100320
2.635680 0.100320
2.639840 0.100320
2.661120 0.108320
2.665280 0.108320
2.669440 0.108320
2.673600 0.108320
2.677760 0.108320
2.681920 0.108320
2.686080 0.108320
2.690240 0.108320
2.694400 0.108320
2.698560 0.108320
2.702720 0.108320
2.706880 0.108320
2.711040 0.108320
2.715200 0.108320
2.719360 0.108320
2.723520 0.108320
2.727680 0.108320
2.731840 0.108320
2.736000 0.108320
2.740160 0.108320
2.769440 0.100320
2.773600 0.100320
2.777760 0.100320
2.781920 0.100320
2.786080 0.100320
2.790240 0.100320
2.794400 0.100320
2.798560 0.100320
2.802720 0.100320
2.806880 0.100320
2.811040 0.100320
2.815200 0.100320
2.819360 0.100320
2.823520 0.100320
2.827680 0.100320
2.831840 0.100320
2.836000 0.100320
2.840160 0.100320
2.844320 0.100320
2.848480 0.100320
2.869760 0.108320
2.873920 0.108320
2.878080 0.108320
2.882240 0.108320
2.886400 0.108320
2.890560 0.108320
2.894720 0.108320
2.898880 0.108320
2.903040 0.108320
2.907200 0.108320
2.911360 0.108320
2.915520 0.108320
2.919680 0.108320
2.923840 0.108320
2.928000 0.108320
2.932160 0.108320
2.936320 0.108320
2.940480 0.108320
2.944640 0.108320
2.948800 0.108320
2.978080 0.100320
2.982240 0.100320
2.986400 0.100320
2.990560 0.100320
2.994720 0.100320
2.998880 0.100320
3.003040 0.100320
3.007200 0.100320
3.011360 0.100320
3.015520 0.100320
3.019680 0.100320
3.023840 0.100320
3.028000 0.100320
3.032160 0.100320
3.036320 0.100320
3.040480 0.100320
3.044640 0.100320
3.048800 0.100320
3.052960 0.100320
3.057120 0.100320
3.078400 0.108320
3.082560 0.108320
3.086720 0.108320
3.090880 0.108320
3.095040 0.108320
3.099200 0.108320
3.103360 0.108320
3.107520 0.108320
3.111680 0.108320
3.115840 0.108320
3.120000 0.108320
3.124160 0.108320
3.128320 0.108320
3.132480 0.108320
3.136640 0.108320
3.140800 0.108320
3.144960 0.108320
3.149120 0.108320
3.153280 0.108320
3.157440 0.108320
3.186720 0.100320
3.190880 0.100320
3.195040 0.100320
3.199200 0.100320
3.203360 0.100320
3.207520 0.100320
3.211680 0.100320
3.215840 0.100320
3.220000 0.100320
3.224160 0.100320
3.228320 0.100320
3.232480 0.100320
3.236640 0.100320
3.240800 0.100320
3.244960 0.100320
3.249120 0.100320
3.253280 0.100320
3.257440 0.100320
3.261600 0.100320
3.265760 0.100320
3.287040 0.108320
3.291200 0.108320
3.295360 0.108320
3.299520 0.108320
3.303680 0.108320
3.307840 0.108320
3.312000 0.108320
3.316160 0.108320
3.320320 0.108320
3.324480 0.108320
3.328640 0.108320
3.332800 0.108320
3.336960 0.108320
3.341120 0.108320
3.345280 0.108320
3.349440 0.108320
3.353600 0.108320
3.357760 0.108320
3.361920 0.108320
3.366080 0.108320
3.395360 0.100320
3.399520 0.100320
3.403680 0.100320
3.407840 0.100320
3.412000 0.100320
3.416160 0.100320
3.420320 0.100320
3.424480 0.100320
3.428640 0.100320
3.432800 0.100320
3.436960 0.100320
3.441120 0.100320
3.445280 0.100320
3.449440 0.100320
3.453600 0.100320
3.457760 0.100320
3.461920 0.100320
3.466080 0.100320
3.470240 0.100320
3.474400 0.100320
3.495680 0.108320
3.499840 0.108320
3.504000 0.108320
3.508160 0.108320
3.512320 0.108320
3.516480 0.108320
3.520640 0.108320
3.524800 0.108320
3.528960 0.108320
3.533120 0.108320
3.537280 0.108320
3.541440 0.108320
3.545600 0.108320
3.549760 0.108320
3.553920 0.108320
3.558080 0.108320
3.562240 0.108320
3.566400 0.108320
3.570560 0.108320
3.574720 0.108320
3.604000 0.100320
3.608160 0.100320
3.612320 0.100320
3.616480 0.100320
3.620640 0.100320
3.624800 0.100320
3.628960 0.100320
3.633120 0.100320
3.637280 0.100320
3.641440 0.100320
3.645600 0.100320
3.649760 0.100320
3.653920 0.100320
3.658080 0.100320
3.662240 0.100320
3.666400 0.100320
3.670560 0.100320
3.674720 0.100320
3.678880 0.100320
3.683040 0.100320
3.704320 0.108320
3.708480 0.108320
3.712640 0.108320
3.716800 0.108320
3.720960 0.108320
3.725120 0.108320
3.729280 0.108320
3.733440 0.108320
3.737600 0.108320
3.741760 0.108320
3.745920 0.108320
3.750080 0.108320
3.754240 0.108320
3.758400 0.108320
3.762560 0.108320
3.766720 0.108320
3.770880 0.108320
3.775040 0.108320
3.779200 0.108320
3.783360 0.108320
3.812640 0.100320
3.816800 0.100320
3.820960 0.100320
3.825120 0.100320
3.829280 0.100320
3.833440 0.100320
3.837600 0.100320
3.841760 0.100320
3.845920 0.100320
3.850080 0.100320
3.854240 0.100320
3.858400 0.100320
3.862560 0.100320
3.866720 0.100320
3.870880 0.100320
3.875040 0.100320
3.879200 0.100320
3.883360 0.100320
3.887520 0.100320
3.891680 0.100320
3.912960 0.108320
3.917120 0.108320
3.921280 0.108320
3.925440 0.108320
3.929600 0.108320
3.933760 0.108320
3.937920 0.108320
3.942080 0.108320
3.946240 0.108320
3.950400 0.108320
3.954560 0.108320
3.958720 0.108320
3.962880 0.108320
3.967040 0.108320
3.971200 0.108320
3.975360 0.108320
3.979520 0.108320
3.983680 0.108320
3.987840 0.108320
3.992000 0.108320
4.021280 0.100320
4.025440 0.100320
4.029600 0.100320
4.033760 0.100320
4.037920 0.100320
4.042080 0.100320
4.046240 0.100320
4.050400 0.100320
4.054560 0.100320
4.058720 0.100320
4.062880 0.100320
4.067040 0.100320
4.071200 0.100320
4.075360 0.100320
4.079520 0.100320
4.083680 0.100320
4.087840 0.100320
4.092000 0.100320
4.096160 0.100320
4.100320 0.100320
4.121600 0.108320
4.125760 0.108320
4.129920 0.108320
4.134080 0.108320
4.138240 0.108320
4.142400 0.108320
4.146560 0.108320
4.150720 0.108320
4.154880 0.108320
4.159040 0.108320
4.163200 0.108320
4.167360 0.108320
4.171520 0.108320
4.175680 0.108320
4.179840 0.108320
4.184000 0.108320
4.188160 0.108320
4.192320 0.108320
4.196480 0.108320
4.200640 0.108320
4.229920 0.100320
4.234080 0.100320
4.238240 0.100320
4.242400 0.100320
4.246560 0.100320
4.250720 0.100320
4.254880 0.100320
4.259040 0.100320
4.263200 0.100320
4.267360 0.100320
4.271520 0.100320
4.275680 0.100320
4.279840 0.100320
4.284000 0.100320
4.288160 0.100320
4.292320 0.100320
4.296480 0.100320
4.300640 0.100320
4.304800 0.100320
4.308960 0.100320
4.330240 0.108320
4.334400 0.108320
4.338560 0.108320
4.342720 0.108320
4.346880 0.108320
4.351040 0.108320
4.355200 0.108320
4.359360 0.108320
4.363520 0.108320
4.367680 0.108320
4.371840 0.108320
4.376000 0.108320
4.380160 0.108320
4.384320 0.108320
4.388480 0.108320
4.392640 0.108320
4.396800 0.108320
4.400960 0.108320
4.405120 0.108320
4.409280 0.108320
4.438560 0.100320
4.442720 0.100320
4.446880 0.100320
4.451040 0.100320
4.455200 0.100320
4.459360 0.100320
4.463520 0.100320
4.467680 0.100320
4.471840 0.100320
4.476000 0.100320
4.480160 0.100320
4.484320 0.100320
4.488480 0.100320
4.492640 0.100320
4.496800 0.100320
4.500960 0.100320
4.505120 0.100320
4.509280 0.100320
4.513440 0.100320
4.517600 0.100320
4.538880 0.108320
4.543040 0.108320
4.547200 0.108320
4.551360 0.108320
4.555520 0.108320
4.559680 0.108320
4.563840 0.108320
4.568000 0.108320
4.572160 0.108320
4.576320 0.108320
4.580480 0.108320
4.584640 0.108320
4.588800 0.108320
4.592960 0.108320
4.597120 0.108320
4.601280 0.108320
4.605440 0.108320
4.609600 0.108320
4.613760 0.108320
4.617920 0.108320
4.647200 0.100320
4.651360 0.100320
4.655520 0.100320
4.659680 0.100320
4.663840 0.100320
4.668000 0.100320
4.672160 0.100320
4.676320 0.100320
4.680480 0.100320
4.684640 0.100320
4.688800 0.100320
4.692960 0.100320
4.697120 0.100320
4.701280 0.100320
4.705440 0.100320
4.709600 0.100320
4.713760 0.100320
4.717920 0.100320
4.722080 0.100320
4.726240 0.100320
4.747520 0.108320
4.751680 0.108320
4.755840 0.108320
4.760000 0.108320
4.764160 0.108320
4.768320 0.108320
4.772480 0.108320
4.776640 0.108320
4.780800 0.108320
4.784960 0.108320
4.789120 0.108320
4.793280 0.108320
4.797440 0.108320
4.801600 0.108320
4.805760 0.108320
4.809920 0.108320
4.814080 0.108320
4.818240 0.108320
4.822400 0.108320
4.826560 0.108320
4.855840 0.100320
4.860000 0.100320
4.864160 0.100320
4.868320 0.100320
4.872480 0.100320
4.876640 0.100320
4.880800 0.100320
4.884960 0.100320
4.889120 0.100320
4.893280 0.100320
4.897440 0.100320
4.901600 0.100320
4.905760 0.100320
4.909920 0.100320
4.914080 0.100320
4.918240 0.100320
4.922400 0.100320
4.926560 0.100320
4.930720 0.100320
4.934880 0.100320
4.956160 0.108320
4.960320 0.108320
4.964480 0.108320
4.968640 0.108320
4.972800 0.108320
4.976960 0.108320
4.981120 0.108320
4.985280 0.108320
4.989440 0.108320
4.993600 0.108320
4.997760 0.108320
5.001920 0.108320
5.006080 0.108320
5.010240 0.108320
5.014400 0.108320
5.018560 0.108320
5.022720 0.108320
5.026880 0.108320
5.031040 0.108320
5.035200 0.108320
5.064480 0.100320
5.068640 0.100320
5.072800 0.100320
5.076960 0.100320
5.081120 0.100320
5.085280 0.100320
5.089440 0.100320
5.093600 0.100320
5.097760 0.100320
5.101920 0.100320
5.106080 0.100320
5.110240 0.100320
5.114400 0.100320
5.118560 0.100320
5.122720 0.100320
5.126880 0.100320
5.131040 0.100320
5.135200 0.100320
5.139360 0.100320
5.143520 0.100320
5.164800 0.108320
5.168960 0.108320
5.173120 0.108320
5.177280 0.108320
5.181440 0.108320
5.185600 0.108320
5.189760 0.108320
5.193920 0.108320
5.198080 0.108320
5.202240 0.108320
5.206400 0.108320
5.210560 0.108320
5.214720 0.108320
5.218880 0.108320
5.223040 0.108320
5.227200 0.108320
5.231360 0.108320
5.235520 0.108320
5.239680 0.108320
5.243840 0.108320
5.273120 0.100320
5.277280 0.100320
5.281440 0.100320
5.285600 0.100320
5.289760 0.100320
5.293920 0.100320
5.298080 0.100320
5.302240 0.100320
5.306400 0.100320
5.310560 0.100320
5.314720 0.100320
5.318880 0.100320
5.323040 0.100320
5.327200 0.100320
5.331360 0.100320
5.335520 0.100320
5.339680 0.100320
5.343840 0.100320
5.348000 0.100320
5.352160 0.100320
5.373440 0.108320
5.377600 0.108320
5.381760 0.108320
5.385920 0.108320
5.390080 0.108320
5.394240 0.108320
5.398400 0.108320
5.402560 0.108320
5.406720 0.108320
5.410880 0.108320
5.415040 0.108320
5.419200 0.108320
5.423360 0.108320
5.427520 0.108320
5.431680 0.108320
5.435840 0.108320
5.440000 0.108320
5.444160 0.108320
5.448320 0.108320
5.452480 0.108320
5.481760 0.100320
5.485920 0.100320
5.490080 0.100320
5.494240 0.100320
5.498400 0.100320
5.502560 0.100320
5.506720 0.100320
5.510880 0.100320
5.515040 0.100320
5.519200 0.100320
5.523360 0.100320
5.527520 0.100320
5.531680 0.100320
5.535840 0.100320
5.540000 0.100320
5.544160 0.100320
5.548320 0.100320
5.552480 0.100320
5.556640 0.100320
5.560800 0.100320
5.582080 0.108320
5.586240 0.108320
5.590400 0.108320
5.594560 0.108320
5.598720 0.108320
5.602880 0.108320
5.607040 0.108320
5.611200 0.108320
5.615360 0.108320
5.619520 0.108320
5.623680 0.108320
5.627840 0.108320
5.632000 0.108320
5.636160 0.108320
5.640320 0.108320
5.644480 0.108320
5.648640 0.108320
5.652800 0.108320
5.656960 0.108320
5.661120 0.108320
5.690400 0.100320
5.694560 0.100320
5.698720 0.100320
5.702880 0.100320
5.707040 0.100320
5.711200 0.100320
5.715360 0.100320
5.719520 0.100320
5.723680 0.100320
5.727840 0.100320
5.732000 0.100320
5.736160 0.100320
5.740320 0.100320
5.744480 0.100320
5.748640 0.100320
5.752800 0.100320
5.756960 0.100320
5.761120 0.100320
5.765280 0.100320
5.769440 0.100320
5.790720 0.108320
5.794880 0.108320
5.799040 0.108320
5.803200 0.108320
5.807360 0.108320
5.811520 0.108320
5.815680 0.108320
5.819840 0.108320
5.824000 0.108320
5.828160 0.108320
5.832320 0.108320
5.836480 0.108320
5.840640 0.108320
5.844800 0.108320
5.848960 0.108320
5.853120 0.108320
5.857280 0.108320
5.861440 0.108320
5.865600 0.108320
5.869760 0.108320
5.899040 0.100320
5.903200 0.100320
5.907360 0.100320
5.911520 0.100320
5.915680 0.100320
5.919840 0.100320
5.924000 0.100320
5.928160 0.100320
5.932320 0.100320
5.936480 0.100320
5.940640 0.100320
5.944800 0.100320
5.948960 0.100320
5.953120 0.100320
5.957280 0.100320
5.961440 0.100320
5.965600 0.100320
5.969760 0.100320
5.973920 0.100320
5.978080 0.100320
5.999360 0.108320
6.107680 0.100320